Motion Through Fluids Experiment Thu, Mar 02, 2023 2:17 PM
Time(sec)	Position(mm)
0.001	0.000
0.136	0.000
0.202	0.000
0.269	0.000
0.336	0.000
0.403	0.000
0.470	0.000
0.537	0.000
0.604	0.000
0.671	0.000
0.738	0.000
0.805	0.000
0.872	0.000
0.939	0.000
1.006	0.000
1.073	0.000
1.140	0.000
1.207	0.000
1.274	0.675
1.341	1.222
1.408	1.222
1.475	2.315
1.542	2.862
1.609	3.955
1.676	4.502
1.743	5.595
1.810	6.142
1.877	7.236
1.944	7.782
2.011	8.876
2.078	9.969
2.145	10.516
2.212	11.610
2.279	12.156
2.346	13.250
2.413	13.797
2.480	14.890
2.547	15.437
2.614	16.530
2.681	17.077
2.748	18.171
2.815	18.717
2.882	19.811
2.949	20.358
3.016	21.451
3.083	21.998
3.150	23.091
3.217	23.638
3.284	24.732
3.351	25.278
3.418	26.372
3.485	26.918
3.552	28.012
3.619	28.559
3.686	29.652
3.753	30.199
3.820	31.292
3.887	31.839
3.954	32.933
4.021	33.479
4.088	34.573
4.155	35.666
4.222	36.213
4.289	37.307
4.356	37.853
4.423	38.400
4.490	39.494
4.557	40.587
4.624	41.134
4.691	42.227
4.758	42.774
4.825	43.868
4.892	44.414
4.959	45.508
5.026	46.055
5.093	47.148
5.161	47.695
5.227	48.788
5.294	49.335
5.361	49.882
5.428	51.522
5.495	52.069
5.562	52.615
5.629	53.709
5.696	54.256
5.763	55.349
5.830	56.443
5.897	56.989
5.964	58.083
6.031	58.630
6.098	59.176
6.165	60.270
6.232	61.363
6.300	61.910
6.366	62.457
6.433	63.550
6.500	64.097
6.567	65.191
6.634	65.737
6.701	66.831
6.768	67.378
6.835	68.471
6.902	69.018
6.969	70.111
7.036	70.658
7.103	71.751
7.170	72.298
7.237	73.392
7.304	73.938
7.371	75.032
7.438	75.579
7.505	76.672
7.572	77.219
7.639	78.312
7.706	78.859
7.773	79.953
7.841	80.499
7.907	81.593
7.974	82.140
8.041	83.233
8.108	83.780
8.175	84.873
8.242	85.420
8.309	86.514
8.376	87.060
8.443	88.154
8.510	88.701
8.577	89.794
8.644	90.341
8.711	91.434
8.778	91.981
8.845	92.528
8.912	93.621
8.979	94.715
9.046	95.261
9.113	96.355
9.180	96.902
9.247	97.995
9.314	98.542
9.381	99.089
9.448	100.182
9.516	101.276
9.582	101.822
9.649	102.916
9.716	103.463
9.783	104.009
9.850	105.103
9.917	105.650
9.984	106.743
10.051	107.290
10.118	108.383
10.185	108.930
10.252	110.024
10.319	110.570
10.386	111.664
10.453	112.210
10.520	113.304
10.587	113.851
10.654	114.944
10.721	115.491
10.788	116.038
10.855	117.131
10.922	117.678
10.989	118.771
11.056	119.865
11.123	120.412
11.190	120.958
11.257	122.052
11.324	122.599
11.391	123.692
11.458	124.239
11.525	125.332
11.592	125.879
11.659	126.973
11.726	127.519
11.793	128.613
11.860	129.160
11.927	129.706
11.994	130.800
12.061	131.347
12.128	132.440
12.195	133.533
12.262	134.080
12.329	134.627
12.396	135.720
12.463	136.814
12.530	137.361
12.597	137.907
12.664	139.001
12.731	139.548
12.798	140.641
12.865	141.188
12.932	142.281
12.999	142.828
13.066	143.375
13.133	144.468
13.200	145.015
13.267	146.109
13.334	146.655
13.401	147.749
13.468	148.296
13.535	148.842
13.602	149.936
13.669	150.483
13.736	151.576
13.803	152.123
13.870	153.216
13.937	153.763
14.004	154.856
14.071	155.403
14.138	156.497
14.205	157.043
14.272	158.137
14.339	158.684
14.406	159.230
14.473	160.324
14.540	160.871
14.607	161.964
14.674	162.511
14.741	163.604
14.808	164.151
14.875	165.245
14.942	165.791
15.009	166.338
15.076	167.432
15.143	167.978
15.210	169.072
15.277	169.619
15.344	170.712
15.411	171.259
15.478	171.806
15.545	172.899
15.612	173.446
15.679	174.539
15.746	175.086
15.813	176.179
15.880	176.726
15.947	177.820
16.014	178.366
16.081	179.460
16.148	180.007
16.215	180.553
16.282	181.647
16.349	182.194
16.416	183.287
16.483	183.834
16.550	184.927
16.618	185.474
16.684	186.021
16.751	187.114
16.818	187.661
16.885	188.208
16.952	189.301
17.019	189.848
17.086	190.395
17.153	191.488
17.221	192.035
17.287	193.129
17.354	193.675
17.422	194.222
17.488	195.316
17.555	195.862
17.622	196.956
17.689	197.502
17.756	198.596
17.823	199.143
17.890	199.689
17.957	200.783
18.024	201.330
18.091	201.876
18.158	202.970
18.225	203.517
18.292	204.063
18.359	205.157
18.426	205.704
18.493	206.797
18.560	207.344
18.627	207.891
18.694	208.984
18.761	209.531
18.828	210.078
18.895	211.171
18.962	211.718
19.029	212.811
19.096	213.358
19.164	213.905
19.230	214.998
19.297	215.545
19.364	216.092
19.431	217.185
19.498	217.732
19.565	218.279
19.632	219.372
19.699	219.919
19.766	220.466
19.833	221.559
19.900	222.106
19.967	222.653
20.034	223.746
20.101	224.293
20.168	224.840
20.235	225.933
20.302	226.480
20.369	227.027
20.436	228.120
20.503	228.667
20.570	229.214
20.637	229.760
20.704	230.854
20.771	231.401
20.838	231.947
20.906	233.041
20.972	233.588
21.039	234.134
21.106	234.681
21.173	235.775
21.240	236.321
21.307	236.868
21.374	237.962
21.441	238.508
21.508	239.055
21.575	240.148
21.643	240.695
21.709	241.242
21.776	241.789
21.843	242.335
21.910	243.429
21.977	243.976
22.044	244.522
22.111	245.069
22.178	246.163
22.245	246.709
22.312	247.256
22.379	247.803
22.446	248.350
22.513	249.443
22.580	249.990
22.647	250.537
22.714	251.083
22.781	251.630
22.848	252.177
22.915	252.724
22.982	253.270
23.049	253.817
23.116	254.364
23.184	254.911
23.250	254.911
23.317	255.457
23.384	0.000
23.451	0.000
23.518	0.000
23.585	0.000
23.652	0.000
23.719	0.000
23.786	0.000
23.853	0.000
23.920	0.000
23.987	0.000
24.054	0.000
24.121	0.000
24.188	0.000
24.255	0.000
24.322	0.000
24.389	0.000
24.456	0.000
24.523	0.000
24.590	0.000
24.657	0.000
24.724	0.000
24.791	0.000
24.858	0.000
24.925	0.000
24.992	0.000
25.059	0.000
25.126	0.000
25.193	0.000
25.260	0.000
25.327	0.000
25.394	0.000
25.461	0.000
25.528	0.000
25.595	0.000
25.662	0.000
25.729	0.000
25.796	0.000
25.863	0.000
25.930	0.000
25.997	0.000
26.064	0.000
26.131	0.000
26.198	0.000
26.265	0.000
26.332	0.000
26.399	0.000