Motion Through Fluids Experiment Thu, Mar 02, 2023 2:18 PM
Time(sec)	Position(mm)
0.052	0.000
0.114	0.000
0.176	0.000
0.238	0.000
0.300	0.000
0.362	0.000
0.424	0.000
0.486	0.000
0.548	0.000
0.610	0.000
0.672	0.000
0.734	0.000
0.796	0.675
0.859	0.675
0.920	0.675
0.982	0.675
1.044	1.222
1.106	1.768
1.168	1.768
1.230	2.315
1.292	2.315
1.354	2.862
1.416	3.955
1.478	4.502
1.540	5.049
1.602	5.595
1.664	6.142
1.726	7.236
1.788	7.782
1.850	8.329
1.912	8.876
1.974	9.423
2.036	10.516
2.098	11.063
2.160	11.610
2.222	12.703
2.284	13.250
2.346	13.797
2.408	14.343
2.470	14.890
2.532	15.984
2.594	16.530
2.656	17.077
2.718	17.624
2.780	18.717
2.842	19.264
2.904	19.811
2.966	20.358
3.029	20.904
3.090	21.451
3.152	22.545
3.214	23.091
3.276	23.638
3.338	24.185
3.400	24.732
3.462	25.825
3.524	26.372
3.586	26.918
3.648	27.465
3.710	28.012
3.772	29.105
3.834	29.652
3.896	30.199
3.958	30.746
4.020	31.292
4.082	32.386
4.144	32.933
4.206	33.479
4.268	34.026
4.330	34.573
4.392	35.120
4.454	36.213
4.516	36.760
4.578	37.307
4.640	37.853
4.703	38.400
4.764	39.494
4.826	40.040
4.888	40.587
4.950	41.681
5.012	41.681
5.074	42.227
5.137	43.321
5.198	43.868
5.260	44.961
5.322	44.961
5.384	45.508
5.446	46.601
5.508	47.148
5.570	47.695
5.632	48.241
5.694	48.788
5.756	49.882
5.818	50.428
5.880	50.975
5.942	51.522
6.004	52.069
6.066	53.162
6.128	53.709
6.190	54.256
6.252	54.802
6.314	55.349
6.376	55.896
6.438	56.989
6.500	57.536
6.562	58.083
6.624	58.630
6.686	59.176
6.748	60.270
6.810	60.817
6.872	61.363
6.934	61.910
6.996	62.457
7.058	63.550
7.120	64.097
7.182	64.644
7.244	65.191
7.306	65.737
7.368	66.831
7.430	67.378
7.492	67.924
7.554	68.471
7.616	69.564
7.678	70.111
7.740	70.658
7.802	71.205
7.864	71.751
7.926	72.298
7.988	72.845
8.050	73.938
8.112	74.485
8.175	75.032
8.236	75.579
8.298	76.125
8.360	76.672
8.422	77.766
8.484	78.312
8.546	78.859
8.608	79.406
8.670	79.953
8.733	80.499
8.794	81.593
8.856	82.140
8.918	82.686
8.980	83.780
9.042	84.327
9.104	84.873
9.166	85.420
9.228	85.967
9.290	87.060
9.352	87.607
9.414	88.154
9.477	88.701
9.538	89.247
9.600	89.794
9.662	90.341
9.724	91.434
9.786	91.434
9.848	92.528
9.910	93.074
9.972	93.621
10.034	94.168
10.096	94.715
10.158	95.261
10.220	96.355
10.282	96.902
10.344	97.448
10.406	97.995
10.468	99.089
10.530	99.635
10.592	100.182
10.654	100.729
10.716	101.276
10.778	101.822
10.840	102.916
10.902	103.463
10.964	104.009
11.026	104.556
11.088	105.103
11.150	106.196
11.212	106.743
11.274	107.290
11.336	107.837
11.398	108.383
11.460	108.930
11.522	110.024
11.584	110.570
11.647	111.117
11.708	111.664
11.770	112.210
11.832	112.757
11.894	113.851
11.956	114.397
12.018	114.944
12.080	115.491
12.142	116.038
12.204	116.584
12.266	117.678
12.328	118.225
12.390	118.771
12.452	119.318
12.514	119.865
12.576	120.412
12.638	121.505
12.700	122.052
12.762	122.599
12.824	123.145
12.886	123.692
12.948	124.786
13.010	125.332
13.072	125.879
13.134	126.426
13.196	126.973
13.258	128.066
13.320	128.613
13.382	129.160
13.444	129.706
13.506	130.253
13.568	130.800
13.630	131.347
13.692	132.440
13.754	132.987
13.816	133.533
13.878	134.080
13.940	134.627
14.002	135.174
14.064	136.267
14.126	136.814
14.188	137.361
14.250	137.907
14.312	138.454
14.374	139.001
14.437	139.548
14.498	140.641
14.560	141.188
14.622	141.735
14.684	142.281
14.746	142.828
14.808	143.375
14.871	143.922
14.932	145.015
14.994	145.562
15.056	146.109
15.118	146.655
15.180	147.202
15.242	147.749
15.307	148.842
15.366	149.389
15.429	149.936
15.490	150.483
15.552	151.029
15.614	151.576
15.676	152.123
15.738	153.216
15.800	153.763
15.862	154.310
15.924	154.856
15.986	155.403
16.048	155.950
16.110	157.043
16.172	157.590
16.234	158.137
16.296	158.684
16.358	159.230
16.420	159.777
16.482	160.324
16.544	160.871
16.606	161.964
16.668	162.511
16.730	163.058
16.792	163.604
16.855	164.151
16.916	164.698
16.978	165.791
17.040	166.338
17.102	166.885
17.164	167.432
17.226	167.978
17.288	168.525
17.350	169.072
17.413	169.619
17.474	170.712
17.536	171.259
17.598	171.806
17.660	172.352
17.723	172.899
17.784	173.992
17.846	174.539
17.908	175.086
17.970	175.633
18.032	176.179
18.094	176.726
18.156	177.820
18.218	178.366
18.280	178.913
18.342	179.460
18.404	180.007
18.466	180.553
18.528	181.100
18.590	181.647
18.652	182.194
18.714	183.287
18.776	183.287
18.838	184.381
18.900	184.927
18.962	185.474
19.024	186.021
19.086	186.568
19.148	187.114
19.210	187.661
19.272	188.755
19.334	189.301
19.396	189.848
19.458	190.395
19.520	190.942
19.582	191.488
19.644	192.035
19.707	192.582
19.768	193.675
19.830	194.222
19.892	194.769
19.954	195.316
20.016	195.862
20.079	196.409
20.140	196.956
20.202	197.502
20.264	198.049
20.326	199.143
20.388	199.689
20.450	200.236
20.512	200.783
20.574	201.330
20.637	201.876
20.698	202.423
20.760	202.970
20.822	203.517
20.884	204.610
20.946	205.157
21.008	205.704
21.070	206.250
21.132	206.797
21.194	207.344
21.256	207.891
21.318	208.437
21.380	208.984
21.442	209.531
21.504	210.078
21.566	210.624
21.628	211.718
21.690	212.265
21.752	212.811
21.814	213.358
21.876	213.905
21.938	214.452
22.000	214.998
22.062	215.545
22.124	216.092
22.186	216.638
22.248	217.185
22.310	217.732
22.372	218.279
22.434	219.372
22.496	219.919
22.558	220.466
22.620	221.012
22.682	221.559
22.744	222.106
22.806	222.653
22.868	223.199
22.930	223.746
22.992	224.293
23.054	224.840
23.116	225.386
23.178	225.933
23.240	226.480
23.302	227.027
23.364	227.573
23.426	228.120
23.488	228.667
23.550	229.214
23.612	230.307
23.674	230.307
23.736	231.401
23.798	231.947
23.860	232.494
23.922	233.041
23.984	233.588
24.046	234.134
24.108	234.681
24.170	235.228
24.232	235.775
24.294	236.321
24.356	236.868
24.418	237.415
24.480	237.962
24.542	238.508
24.604	239.055
24.666	239.602
24.728	240.148
24.790	240.695
24.852	241.242
24.914	241.789
24.976	241.789
25.038	242.335
25.100	242.882
25.162	243.429
25.224	243.976
25.286	244.522
25.348	245.069
25.410	245.616
25.472	246.163
25.534	246.163
25.596	246.709
25.658	247.256
25.720	247.803
25.782	248.350
25.844	248.896
25.906	249.443
25.968	249.990
26.030	249.990
26.092	250.537
26.154	251.083
26.216	251.630
26.278	252.177
26.340	252.724
26.402	252.724
26.464	253.270
26.526	253.817
26.588	254.364
26.650	254.911
26.712	254.911
26.774	254.911
26.836	255.457
26.898	0.000
26.960	0.000
27.023	0.000
27.084	0.000
27.146	0.000
27.208	0.000
27.270	0.000
27.332	0.000
27.395	0.000
27.456	0.000
27.518	0.000