Motion Through Fluids Experiment Thu, Mar 02, 2023 2:08 PM
Time(sec)	Position(mm)
0.046	0.000
0.246	0.000
0.446	0.000
0.646	0.000
0.846	0.000
1.046	0.000
1.246	0.000
1.446	0.000
1.646	0.000
1.846	0.000
2.046	0.000
2.246	0.000
2.446	0.000
2.646	0.000
2.846	0.000
3.046	0.000
3.246	0.000
3.446	0.000
3.646	0.000
3.846	0.000
4.046	0.000
4.246	0.000
4.446	0.000
4.647	0.000
4.846	0.000
5.046	0.000
5.246	0.000
5.446	0.000
5.646	0.675
5.846	1.222
6.046	1.768
6.246	2.315
6.446	2.862
6.646	3.955
6.846	4.502
7.046	5.049
7.246	5.595
7.446	6.142
7.646	6.689
7.846	7.236
8.047	7.782
8.246	8.876
8.446	9.423
8.646	9.969
8.846	10.516
9.046	11.063
9.246	11.610
9.446	12.156
9.646	12.703
9.846	13.797
10.046	14.343
10.246	14.890
10.446	15.437
10.646	15.984
10.846	16.530
11.046	17.077
11.246	17.624
11.446	18.171
11.646	19.264
11.846	19.811
12.046	20.358
12.246	20.904
12.446	21.451
12.646	22.545
12.846	23.091
13.047	23.638
13.246	24.185
13.446	24.732
13.646	25.278
13.846	25.825
14.046	26.372
14.246	27.465
14.446	28.012
14.646	28.559
14.846	29.105
15.046	29.652
15.246	30.199
15.446	30.746
15.646	31.839
15.846	32.386
16.046	32.933
16.246	33.479
16.446	34.026
16.646	34.573
16.846	35.120
17.046	35.666
17.246	36.213
17.446	37.307
17.646	37.853
17.846	38.400
18.046	38.947
18.246	39.494
18.448	40.040
18.646	40.587
18.846	41.134
19.046	41.681
19.246	42.774
19.448	43.321
19.646	43.868
19.846	44.414
20.046	44.961
20.246	45.508
20.446	46.055
20.646	46.601
20.846	47.695
21.046	48.241
21.246	48.788
21.446	49.335
21.647	49.882
21.846	50.428
22.046	50.975
22.246	51.522
22.446	52.069
22.646	52.615
22.846	53.709
23.046	54.256
23.246	54.802
23.446	55.349
23.647	55.896
23.846	56.443
24.046	56.989
24.246	57.536
24.446	58.630
24.646	59.176
24.846	59.723
25.046	60.270
25.246	60.817
25.446	61.363
25.652	61.910
25.846	62.457
26.046	63.004
26.246	64.097
26.446	64.644
26.646	65.191
26.846	65.737
27.046	66.284
27.246	66.831
27.446	67.378
27.646	67.924
27.847	68.471
28.046	69.564
28.246	70.111
28.446	70.658
28.646	71.205
28.846	71.751
29.046	72.298
29.247	72.845
29.446	73.392
29.646	74.485
29.846	75.032
30.046	75.579
30.246	76.125
30.446	76.672
30.646	77.219
30.846	77.766
31.046	78.312
31.246	79.406
31.446	79.953
31.646	80.499
31.846	81.046
32.046	81.593
32.246	82.140
32.446	82.686
32.646	83.233
32.846	83.780
33.046	84.873
33.246	85.420
33.447	85.967
33.647	86.514
33.846	87.060
34.046	87.607
34.246	88.154
34.446	88.701
34.646	89.247
34.846	89.794
35.046	90.887
35.246	91.434
35.446	91.981
35.646	92.528
35.846	93.074
36.046	93.621
36.246	94.168
36.446	94.715
36.646	95.261
36.846	96.355
37.046	96.902
37.246	97.448
37.446	97.995
37.646	98.542
37.846	99.089
38.046	99.635
38.246	100.182
38.446	100.729
38.646	101.276
38.846	101.822
39.046	102.916
39.246	103.463
39.446	104.009
39.646	104.556
39.846	105.103
40.046	105.650
40.246	106.196
40.446	106.743
40.646	107.290
40.846	107.837
41.046	108.930
41.246	109.477
41.446	110.024
41.646	110.570
41.846	111.117
42.046	111.664
42.246	112.210
42.446	112.757
42.646	113.304
42.846	113.851
43.046	114.397
43.246	114.944
43.446	116.038
43.646	116.584
43.846	117.131
44.046	117.678
44.247	118.225
44.446	118.771
44.646	119.318
44.846	119.865
45.046	120.412
45.246	121.505
45.446	122.052
45.646	122.599
45.846	123.145
46.046	123.692
46.246	124.239
46.446	124.786
46.646	125.332
46.846	125.879
47.046	126.426
47.246	126.973
47.446	128.066
47.646	128.613
47.846	129.160
48.046	129.706
48.246	130.253
48.446	130.800
48.646	131.347
48.846	131.893
49.046	132.440
49.246	133.533
49.446	134.080
49.646	134.627
49.846	135.174
50.046	135.720
50.246	136.267
50.446	136.814
50.646	137.361
50.846	137.907
51.046	138.454
51.246	139.001
51.446	139.548
51.646	140.094
51.846	141.188
52.046	141.735
52.246	142.281
52.446	142.828
52.647	143.375
52.846	143.922
53.046	144.468
53.246	145.015
53.446	145.562
53.646	146.109
53.846	146.655
54.046	147.202
54.246	148.296
54.446	148.296
54.646	149.389
54.846	149.936
55.047	150.483
55.247	151.029
55.446	151.576
55.646	152.123
55.846	152.670
56.046	153.216
56.246	153.763
56.446	154.310
56.646	154.856
56.846	155.403
57.046	155.950
57.246	156.497
57.446	157.043
57.646	158.137
57.846	158.684
58.046	159.230
58.246	159.777
58.446	160.324
58.646	160.871
58.846	161.417
59.046	161.964
59.246	162.511
59.446	163.058
59.646	163.604
59.846	164.151
60.046	164.698
60.246	165.245
60.446	165.791
60.646	166.338
60.846	167.432
61.046	167.978
61.246	168.525
61.446	169.072
61.646	169.619
61.846	170.165
62.046	170.712
62.246	171.259
62.446	171.806
62.646	172.352
62.846	172.899
63.046	173.446
63.246	173.992
63.446	174.539
63.646	175.086
63.846	176.179
64.046	176.726
64.246	177.273
64.446	177.820
64.646	178.366
64.846	178.913
65.046	179.460
65.246	180.007
65.446	180.553
65.646	181.100
65.846	181.647
66.046	182.194
66.246	182.740
66.446	183.287
66.646	183.834
66.846	184.381
67.046	184.927
67.246	185.474
67.446	186.021
67.646	186.568
67.846	187.114
68.046	188.208
68.246	188.755
68.446	189.301
68.646	189.848
68.846	190.395
69.046	190.942
69.246	191.488
69.446	192.035
69.646	192.582
69.846	193.129
70.046	193.675
70.246	194.222
70.446	194.769
70.646	195.316
70.846	195.862
71.047	196.409
71.246	196.956
71.446	197.502
71.647	198.049
71.846	198.596
72.046	199.143
72.246	199.689
72.446	200.236
72.646	200.783
72.846	201.330
73.047	201.876
73.246	202.423
73.446	202.970
73.646	203.517
73.847	204.063
74.046	204.610
74.247	205.157
74.449	205.704
74.646	206.250
74.846	206.797
75.046	207.344
75.246	207.891
75.446	208.437
75.646	208.984
75.846	209.531
76.046	210.078
76.246	210.624
76.446	211.171
76.646	211.718
76.846	212.265
77.046	212.811
77.246	213.358
77.446	213.905
77.646	214.452
77.846	214.998
78.046	215.545
78.246	216.092
78.446	216.638
78.646	217.185
78.846	217.732
79.046	218.279
79.246	218.825
79.446	219.372
79.646	219.919
79.846	220.466
80.047	221.012
80.246	221.559
80.446	222.106
80.647	222.653
80.846	223.199
81.046	223.746
81.246	224.293
81.446	224.840
81.646	225.386
81.846	225.933
82.046	226.480
82.246	227.027
82.446	227.573
82.646	228.120
82.846	228.120
83.046	228.667
83.247	229.760
83.446	229.760
83.646	230.307
83.846	230.854
84.046	231.401
84.247	231.947
84.446	232.494
84.646	233.041
84.846	233.588
85.046	234.134
85.246	234.681
85.446	235.228
85.646	235.775
85.846	236.321
86.046	236.868
86.246	236.868
86.446	237.415
86.647	237.962
86.846	238.508
87.046	239.055
87.246	239.602
87.446	240.148
87.646	240.695
87.846	240.695
88.046	241.242
88.246	241.789
88.446	242.335
88.646	242.882
88.846	243.429
89.046	243.976
89.246	243.976
89.446	244.522
89.646	245.069
89.846	245.616
90.046	246.163
90.246	246.709
90.446	246.709
90.649	247.256
90.846	247.803
91.046	248.350
91.246	248.350
91.446	248.896
91.646	249.443
91.846	249.990
92.046	250.537
92.246	250.537
92.446	251.083
92.646	251.630
92.846	252.177
93.046	252.724
93.246	252.724
93.446	253.270
93.646	253.817
93.846	254.364
94.046	254.364
94.246	0.000
94.446	0.000
94.646	0.000
94.846	0.000
95.046	0.000
95.246	0.000
95.446	0.000
95.646	0.000
95.846	0.000
96.046	0.000
96.246	0.000
96.446	0.000
96.646	0.000
96.846	0.000
97.046	0.000
97.246	0.000
97.446	0.000
97.646	0.000
97.846	0.000