Motion Through Fluids Experiment Thu, Mar 02, 2023 2:05 PM
Time(sec)	Position(mm)
0.085	0.000
0.185	0.000
0.285	0.000
0.385	0.000
0.485	0.000
0.585	0.000
0.685	0.000
0.785	0.000
0.886	0.000
0.985	0.000
1.085	0.000
1.185	0.000
1.285	0.000
1.385	0.000
1.485	0.000
1.585	0.000
1.685	0.000
1.785	0.000
1.885	0.000
1.985	0.000
2.085	0.000
2.185	0.000
2.285	0.000
2.385	0.000
2.485	0.000
2.585	0.000
2.685	0.000
2.785	0.000
2.885	0.000
2.985	0.000
3.085	0.675
3.185	0.675
3.285	1.768
3.385	2.315
3.485	2.862
3.585	3.955
3.685	4.502
3.785	5.049
3.885	6.142
3.985	6.689
4.085	7.236
4.185	7.782
4.285	8.876
4.385	9.423
4.485	9.969
4.585	11.063
4.685	11.610
4.785	12.156
4.885	12.703
4.985	13.797
5.085	14.343
5.185	14.890
5.285	15.437
5.385	16.530
5.485	17.077
5.585	18.171
5.685	18.717
5.785	19.264
5.885	20.358
5.985	20.904
6.085	21.451
6.185	21.998
6.285	23.091
6.387	23.638
6.485	24.185
6.585	25.278
6.685	25.825
6.785	26.372
6.885	26.918
6.985	28.012
7.085	28.559
7.185	29.105
7.285	30.199
7.386	30.746
7.485	31.292
7.585	31.839
7.685	32.933
7.785	33.479
7.885	34.026
7.985	35.120
8.085	35.666
8.185	36.213
8.285	36.760
8.390	37.853
8.485	38.400
8.585	38.947
8.685	39.494
8.785	40.587
8.885	41.134
8.985	41.681
9.085	42.774
9.185	43.321
9.285	43.868
9.385	44.414
9.485	45.508
9.585	46.055
9.685	46.601
9.785	47.148
9.885	48.241
9.985	48.788
10.085	49.335
10.185	50.428
10.285	50.975
10.385	51.522
10.485	52.615
10.585	53.162
10.685	53.709
10.785	54.802
10.886	55.349
10.985	55.896
11.085	56.443
11.185	57.536
11.285	58.083
11.385	58.630
11.486	59.723
11.585	60.270
11.685	60.817
11.785	61.363
11.885	62.457
11.985	63.004
12.085	63.550
12.185	64.097
12.285	65.191
12.385	65.737
12.485	66.284
12.585	66.831
12.685	67.924
12.785	68.471
12.885	69.018
12.985	69.564
13.085	70.658
13.185	71.205
13.285	71.751
13.385	72.845
13.485	73.392
13.585	73.938
13.685	74.485
13.785	75.579
13.885	76.125
13.985	76.672
14.085	77.766
14.185	78.312
14.285	78.859
14.385	79.406
14.485	80.499
14.585	81.046
14.685	81.593
14.785	82.140
14.885	83.233
14.985	83.780
15.085	84.327
15.185	84.873
15.285	85.967
15.385	86.514
15.485	87.060
15.585	87.607
15.685	88.701
15.785	89.247
15.885	89.794
15.985	90.341
16.085	91.434
16.185	91.981
16.285	92.528
16.385	93.074
16.485	94.168
16.585	94.715
16.685	95.261
16.785	95.808
16.885	96.902
16.985	97.448
17.085	97.995
17.185	99.089
17.285	99.635
17.385	100.182
17.485	101.276
17.585	101.822
17.685	102.369
17.785	102.916
17.885	104.009
17.985	104.009
18.085	105.103
18.186	105.650
18.285	106.743
18.385	107.290
18.485	107.837
18.585	108.383
18.685	109.477
18.785	110.024
18.885	110.570
18.985	111.117
19.085	111.664
19.185	112.757
19.285	113.304
19.385	113.851
19.485	114.397
19.585	115.491
19.685	116.038
19.785	116.584
19.885	117.678
19.985	118.225
20.085	118.771
20.185	119.318
20.285	120.412
20.385	120.958
20.485	121.505
20.585	122.052
20.685	123.145
20.785	123.692
20.885	124.239
20.985	124.786
21.085	125.879
21.185	126.426
21.285	126.973
21.385	127.519
21.485	128.066
21.585	129.160
21.685	129.706
21.785	130.253
21.886	130.800
21.985	131.893
22.085	132.440
22.185	132.987
22.285	133.533
22.385	134.627
22.485	135.174
22.585	135.720
22.685	136.267
22.785	137.361
22.885	137.907
22.985	138.454
23.085	139.001
23.185	140.094
23.285	140.641
23.385	141.188
23.485	142.281
23.585	142.828
23.685	143.375
23.785	143.922
23.885	145.015
23.985	145.562
24.085	146.109
24.185	146.655
24.285	147.202
24.385	148.296
24.485	148.842
24.585	149.389
24.685	149.936
24.785	151.029
24.885	151.576
24.985	152.123
25.085	152.670
25.185	153.763
25.285	154.310
25.385	154.856
25.485	155.403
25.585	155.950
25.685	157.043
25.785	157.590
25.885	158.137
25.985	158.684
26.085	159.230
26.185	160.324
26.285	160.871
26.385	161.417
26.485	161.964
26.585	162.511
26.685	163.604
26.785	164.151
26.885	164.698
26.985	165.245
27.085	165.791
27.185	166.885
27.285	167.432
27.385	167.978
27.485	168.525
27.585	169.619
27.685	170.165
27.785	170.712
27.885	171.259
27.985	171.806
28.085	172.899
28.185	173.446
28.285	173.992
28.385	174.539
28.485	175.086
28.585	176.179
28.685	176.726
28.785	177.273
28.885	177.820
28.985	178.913
29.085	179.460
29.185	180.007
29.285	180.553
29.385	181.100
29.485	182.194
29.585	182.740
29.685	183.287
29.785	183.834
29.885	184.381
29.985	185.474
30.085	186.021
30.185	186.568
30.285	187.114
30.385	187.661
30.485	188.755
30.585	189.301
30.685	189.848
30.785	190.395
30.885	190.942
30.985	192.035
31.085	192.582
31.185	193.129
31.285	193.675
31.385	194.222
31.485	194.769
31.585	195.862
31.685	196.409
31.785	196.956
31.885	197.502
31.985	198.049
32.085	199.143
32.185	199.689
32.285	200.236
32.385	200.783
32.485	201.330
32.585	201.876
32.685	202.970
32.785	203.517
32.885	204.063
32.985	204.610
33.085	205.157
33.185	205.704
33.285	206.250
33.385	206.797
33.485	207.891
33.585	208.437
33.685	208.984
33.785	209.531
33.885	210.078
33.985	210.624
34.085	211.171
34.185	212.265
34.285	212.811
34.385	213.358
34.485	213.905
34.585	214.452
34.686	214.998
34.785	216.092
34.885	216.638
34.985	217.185
35.085	217.732
35.185	218.279
35.285	218.825
35.385	219.372
35.485	220.466
35.585	221.012
35.685	221.559
35.785	222.106
35.885	222.653
35.985	223.199
36.085	223.746
36.185	224.840
36.285	225.386
36.385	225.933
36.485	226.480
36.585	227.027
36.685	227.573
36.785	228.120
36.885	228.667
36.985	229.214
37.085	230.307
37.185	230.854
37.285	231.401
37.385	231.947
37.485	232.494
37.585	233.041
37.685	233.588
37.785	234.134
37.885	234.681
37.985	235.228
38.085	235.775
38.185	236.321
38.285	236.868
38.385	237.962
38.485	238.508
38.585	239.055
38.685	239.602
38.785	240.148
38.885	240.695
38.985	241.242
39.085	241.789
39.185	242.335
39.285	242.882
39.385	243.429
39.485	243.976
39.585	244.522
39.685	245.069
39.785	245.616
39.885	246.163
39.985	246.709
40.085	246.709
40.185	247.803
40.285	247.803
40.386	248.350
40.485	248.896
40.585	249.443
40.685	249.990
40.786	250.537
40.885	251.083
40.985	251.630
41.085	252.177
41.185	252.724
41.285	253.270
41.385	253.817
41.485	253.817
41.585	254.364
41.685	254.911
41.785	255.457
41.885	0.000
41.985	0.000
42.085	0.000
42.185	0.000
42.285	0.000
42.385	0.000
42.485	0.000
42.585	0.000