Motion Through Fluids Experiment Thu, Mar 02, 2023 1:47 PM
Time(sec)	Position(mm)
0.006	0.000
0.106	0.000
0.206	0.000
0.306	0.000
0.406	0.000
0.506	0.000
0.606	0.000
0.706	0.000
0.806	0.000
0.906	0.000
1.006	0.000
1.106	0.000
1.206	0.000
1.306	0.000
1.406	0.000
1.506	0.000
1.606	0.000
1.706	0.000
1.806	0.000
1.906	0.000
2.006	0.000
2.107	0.000
2.206	0.000
2.309	0.000
2.406	0.000
2.506	0.000
2.606	0.000
2.706	0.000
2.806	1.222
2.906	2.315
3.006	2.862
3.106	3.409
3.206	4.502
3.308	5.049
3.406	5.595
3.506	6.689
3.606	7.236
3.706	7.782
3.806	8.876
3.906	9.423
4.006	9.969
4.106	11.063
4.206	11.610
4.309	12.156
4.406	12.703
4.506	13.797
4.606	14.343
4.707	15.437
4.806	15.984
4.906	16.530
5.006	17.624
5.106	18.171
5.207	18.717
5.306	19.811
5.406	20.358
5.506	20.904
5.606	21.998
5.706	22.545
5.806	23.091
5.906	24.185
6.006	24.732
6.106	25.278
6.206	25.825
6.308	26.918
6.406	27.465
6.506	28.559
6.606	29.105
6.706	29.652
6.807	30.199
6.906	30.746
7.006	31.839
7.106	32.933
7.206	33.479
7.308	34.026
7.406	34.573
7.506	35.666
7.606	36.213
7.706	36.760
7.806	37.853
7.906	38.400
8.006	38.947
8.106	40.040
8.206	40.587
8.309	41.134
8.406	42.227
8.506	42.774
8.606	43.321
8.706	43.868
8.806	44.961
8.906	45.508
9.006	46.055
9.106	0.000
9.206	48.241
9.311	46.601
9.406	49.335
9.506	49.882
9.606	50.428
9.706	51.522
9.806	52.069
9.906	52.615
10.006	53.709
10.106	54.256
10.206	54.802
10.306	55.896
10.406	56.443
10.506	56.989
10.606	58.083
10.706	58.630
10.806	59.176
10.906	60.270
11.006	60.817
11.106	61.363
11.206	62.457
11.306	63.004
11.406	63.550
11.507	64.644
11.606	65.191
11.706	65.737
11.806	66.831
11.907	67.378
12.006	67.924
12.106	69.018
12.206	69.564
12.306	70.111
12.406	70.658
12.506	71.751
12.606	72.298
12.706	72.845
12.806	73.938
12.906	74.485
13.006	75.032
13.106	75.579
13.206	76.672
13.306	77.219
13.406	77.766
13.506	78.859
13.606	79.406
13.706	80.499
13.806	81.046
13.906	81.593
14.006	82.686
14.106	83.233
14.206	83.780
14.306	84.873
14.406	85.420
14.506	85.967
14.606	86.514
14.706	87.607
14.806	88.154
14.906	88.701
15.006	89.794
15.106	90.341
15.206	90.887
15.306	91.981
15.406	92.528
15.506	93.074
15.606	94.168
15.706	94.715
15.806	95.261
15.907	96.355
16.006	96.902
16.106	97.448
16.206	98.542
16.306	99.089
16.406	99.635
16.507	100.729
16.606	101.276
16.706	101.822
16.806	102.916
16.906	103.463
17.006	104.009
17.106	105.103
17.206	105.650
17.306	106.196
17.406	106.743
17.506	107.837
17.606	108.383
17.706	108.930
17.806	110.024
17.906	110.570
18.006	111.117
18.106	112.210
18.206	112.757
18.306	113.304
18.406	114.397
18.506	114.944
18.606	115.491
18.706	116.038
18.806	117.131
18.906	117.678
19.006	118.225
19.106	119.318
19.206	119.865
19.306	120.412
19.406	121.505
19.506	122.052
19.606	122.599
19.706	123.692
19.806	124.239
19.906	124.786
20.006	125.879
20.106	125.879
20.206	126.973
20.306	128.613
20.406	128.613
20.506	129.160
20.606	130.253
20.706	130.800
20.806	131.347
20.906	132.440
21.006	132.987
21.106	133.533
21.206	134.627
21.306	135.174
21.406	135.720
21.506	136.814
21.606	137.361
21.706	137.907
21.806	138.454
21.906	139.548
22.006	140.094
22.106	140.641
22.206	141.735
22.306	142.281
22.406	142.828
22.506	143.922
22.606	144.468
22.706	145.015
22.806	146.109
22.906	146.655
23.006	147.202
23.106	147.749
23.206	148.842
23.306	149.389
23.407	149.936
23.506	151.029
23.606	151.576
23.706	152.123
23.806	153.216
23.906	153.763
24.006	154.310
24.106	155.403
24.206	155.950
24.306	156.497
24.407	157.590
24.506	158.137
24.606	158.684
24.706	159.777
24.807	160.324
24.906	160.871
25.006	161.417
25.106	162.511
25.206	163.058
25.306	163.604
25.406	164.698
25.506	165.245
25.606	165.791
25.706	166.885
25.806	167.432
25.906	167.978
26.006	169.072
26.106	169.619
26.206	170.165
26.306	171.259
26.406	171.806
26.506	172.352
26.606	173.446
26.706	173.992
26.806	174.539
26.906	175.633
27.006	176.179
27.106	176.726
27.207	177.273
27.306	178.366
27.406	178.913
27.506	179.460
27.606	180.553
27.706	181.100
27.806	181.647
27.906	182.740
28.006	183.287
28.106	183.834
28.206	184.381
28.306	185.474
28.406	186.021
28.506	186.568
28.606	187.661
28.706	188.208
28.806	188.755
28.906	189.301
29.006	190.395
29.106	190.942
29.206	192.035
29.306	192.582
29.406	193.129
29.506	193.675
29.606	194.769
29.706	195.316
29.806	195.862
29.906	196.956
30.006	197.502
30.106	198.049
30.206	199.143
30.306	199.689
30.406	200.236
30.506	200.783
30.606	201.876
30.706	202.423
30.806	202.970
30.906	204.063
31.006	204.610
31.106	205.157
31.206	206.250
31.306	206.797
31.406	207.344
31.506	208.437
31.606	208.984
31.706	209.531
31.806	210.624
31.906	211.171
32.006	211.718
32.106	212.265
32.206	213.358
32.306	213.905
32.406	214.452
32.506	215.545
32.606	216.092
32.706	216.638
32.806	217.185
32.906	218.279
33.006	218.825
33.107	219.372
33.206	220.466
33.306	221.012
33.406	221.559
33.506	222.653
33.606	223.199
33.706	223.746
33.806	224.293
33.906	225.386
34.006	225.933
34.106	226.480
34.206	227.573
34.306	228.120
34.406	228.667
34.506	229.760
34.606	230.307
34.707	230.854
34.806	231.947
34.906	232.494
35.006	233.041
35.106	234.134
35.206	234.681
35.306	235.228
35.406	235.775
35.506	236.868
35.606	237.415
35.706	237.962
35.806	238.508
35.906	239.602
36.007	240.148
36.106	240.695
36.206	241.242
36.306	242.335
36.406	242.882
36.506	243.429
36.606	244.522
36.706	245.069
36.806	245.616
36.906	246.163
37.006	246.709
37.106	247.803
37.206	248.350
37.306	248.896
37.406	249.443
37.506	249.990
37.606	251.083
37.706	251.630
37.806	252.177
37.906	252.724
38.006	253.270
38.106	253.817
38.206	254.364
38.306	254.911
38.406	0.000
38.506	0.000
38.606	0.000
38.706	0.000
38.806	0.000
38.906	0.000
39.006	0.000
39.106	0.000
39.206	0.000
39.306	0.000
39.406	0.000